151.43570504775622
255.0423076859985
105.06311532762714
324.8439443810896
248.32847776540547
229.68511534127938
300.1803295075061
231.4884167662321
337.5918983005627
208.91940585547826
214.59286956936782
285.0880837355945
173.51921172871508
191.2470518909421
277.3616307071435
361.4232202087834
130.86419725387304
266.22277652070505
331.4468019063009
276.30739295101733
254.19614317121304
167.485087729835
187.58496284334592
371.9378546711997
297.8082945562222
189.37439271887587
290.33152941738
236.93993568935824
214.2183377349546
255.40296797098907
247.17713916332033
286.7387981168974
298.9596331583074
135.27534997029574
282.8825073773832
267.3047573756767
291.62158351369226
48.5642945289177
292.55097732501406
413.6079891370291
245.8315988693172
211.33305545503032
132.94492966727998
260.68802830104266
296.4904973610645
255.79137135482497
236.9121925905128
202.1500897371944
376.51546598069496
249.9375774984402
154.51518901959847
259.50894660011204
362.4497148660641
227.84019926805863
221.5980020278378
290.1234561760393
229.97641787915637
231.51615986507753
206.94964583745303
291.30253787696995
239.31197064064213
176.33513626152578
276.4877230935126
314.0380073807963
309.0997357863105
212.7202103973016
262.1722840892729
207.9761404947338
309.21070818169215
182.75766364424183
101.9836313557849
109.69621283481324
