6042.625025907261
6019.7506084358665
6021.5140547167
6072.427268053363
6070.714205951981
6044.36328009837
6039.173709614771
5977.453089785566
6098.803385996701
6038.367562743532
6037.737760500378
6042.398297099726
6087.038680094563
6047.864980570313
6043.204443970964
6048.973432518265
6047.839788480586
6044.388472188096
6033.757410323637
6030.935896274302
6075.324358371877
6044.36328009837
6046.101534289478
6039.148517525045
6049.628426851146
6049.527658492242
6046.101534289478
6039.828703947653
6050.636110440195
6032.926071362672
6058.370081986141
5920.216661927626
6171.180259780092
6051.341488952528
6018.616964398187
6020.833868294093
6095.402453883663
4539.7153370212545
6341.730707226507
5184.003031768977
